0 7 0 0 0 0 0 0 0 0 0 0 0 0 0 0 2
7 16 0 8 0 0 0 0 0 0 0 0 0 0 0 0 4
0 0 0 13 0 0 0 0 22 0 0 0 0 0 0 0 0
0 20 0 0 0 0 0 0 18 22 0 4 0 5 14 5 0
0 0 0 0 0 0 0 0 0 18 0 2 0 0 0 0 0
0 0 0 0 0 0 0 0 0 0 0 0 0 0 0 0 0
0 20 0 0 0 0 0 0 0 0 0 0 0 0 0 0 0
0 0 0 0 0 0 19 6 0 3 0 0 0 14 0 0 0
3 16 0 13 0 0 0 19 0 6 0 0 0 0 0 0 0
0 0 0 8 0 0 0 0 0 0 0 0 0 0 0 0 0
0 0 0 0 0 0 0 0 0 0 0 0 0 0 0 0 0
0 0 0 0 0 0 0 0 0 12 0 0 0 0 0 0 0
0 0 0 0 0 0 0 0 0 0 0 0 0 0 0 0 0
0 12 1 0 10 0 15 17 0 0 0 0 21 0 0 0 0
0 0 10 0 15 0 17 0 0 0 0 9 0 21 1 0 0
11 0 0 0 0 0 0 0 0 0 0 0 0 0 0 0 0
0 0 0 0 0 0 0 0 11 0 9 0 0 0 0 0 0